function world = LatLongToWorld(LongLat)

long = LongLat(2);
lat = LongLat(1);

x = ((long - 0.08651724966864788) / (0.09611646188477406 - 0.08651724966864788)) * (515.2716064453125 - -554.8467407226562) + -554.8467407226562;
y = ((lat - 52.20845925039107) / (52.21181068833085 - 52.20845925039107)) * (306.7823181152344 - -304.7138977050781) + -304.7138977050781 - 44.9522;

world = [x, y];